   5   364    53    10
 B_OXYDEP_Oxy B_OXYDEP_Phy B_OXYDEP_NUT B_OXYDEP_POM B_OXYDEP_DOM B_OXYDEP_Het B_BIOPLAST_MP_free B_BIOPLAST_MP_biof B_BIOPLAST_MP_het B_BIOPLAST_MP_det
 i  k Depth  t   s   Kz  hz Vol        free biof het det
    1    1   0.1495    -1.028460979    24.217597961     0.000002167     0.326911047     1.000000000     298.150172240       0.000000000       4.942466667       0.000000001       0.023070443       0.000000106       0.000000000       0.000000000       0.000000000       0.000000000
    1    2   0.4764    -0.128828093    25.034702301     0.000002845     0.345648862     1.000000000     318.665252718       0.000000000       4.942730560       0.000000000       0.022959413       0.000000104       0.000000000       0.000000000       0.000000000       0.000000000
    1    3   0.8408     0.243767172    25.566497803     0.000003910     0.383283496     1.000000000     365.909334246       0.000000000       4.943143772       0.000000000       0.022777613       0.000000144       0.000000000       0.000000000       0.000000000       0.000000000
    1    4   1.2429     0.305437803    25.872188568     0.000005420     0.421315610     1.000000000     316.458014660       0.000000001       4.943662320       0.000000000       0.022549996       0.000000188       0.000000000       0.000000000       0.000000000       0.000000000
    1    5   1.6834     0.434399098    26.048892975     0.000004288     0.459905088     1.000000000     288.654217507       0.000000001       4.944588128       0.000000000       0.022114326       0.000000261       0.000000000       0.000000000       0.000000000       0.000000000
    1    6   2.1627     0.357077271    26.346540451     0.000004946     0.499212205     1.000000000     278.471307376       0.000000001       4.945718341       0.000000001       0.021595133       0.000000353       0.000000000       0.000000000       0.000000000       0.000000000
    1    7   2.6818     0.162679717    26.583091736     0.000003326     0.539398074     1.000000000     273.115246747       0.000000001       4.947616246       0.000000001       0.020595085       0.000000537       0.000000000       0.000000000       0.000000000       0.000000000
    1    8   3.2415    -0.020000370    27.161659241     0.000002210     0.580625176     1.000000000     270.079282599       0.000000002       4.950762273       0.000000002       0.018675891       0.000000989       0.000000000       0.000000000       0.000000000       0.000000000
    1    9   3.8431     0.195424289    28.600778580     0.000002737     0.623056173     1.000000000     267.976260963       0.000000002       4.954922533       0.000000003       0.016579551       0.000001781       0.000000000       0.000000000       0.000000000       0.000000000
    1   10   4.4877     0.580637276    29.620124817     0.000003778     0.666854739     1.000000000     265.967914548       0.000000003       4.960408829       0.000000006       0.014609646       0.000002961       0.000000000       0.000000000       0.000000000       0.000000000
    1   11   5.1768     0.560682535    30.178684235     0.000004084     0.712185860     1.000000000     263.588791217       0.000000004       4.969415797       0.000000011       0.012479302       0.000004903       0.000000000       0.000000000       0.000000000       0.000000000
    1   12   5.9120     1.206623316    30.731454849     0.000005252     0.759214878     1.000000000     260.978452681       0.000000005       4.982766206       0.000000019       0.010617318       0.000007543       0.000000000       0.000000000       0.000000000       0.000000000
    1   13   6.6952     2.244414091    31.143760681     0.000006226     0.808106661     1.000000000     258.140196491       0.000000007       4.999148031       0.000000032       0.008931663       0.000011101       0.000000000       0.000000000       0.000000000       0.000000000
    1   14   7.5282     2.993655205    31.464588165     0.000006931     0.859026909     1.000000000     254.984163262       0.000000008       5.019215875       0.000000051       0.007378629       0.000015934       0.000000000       0.000000000       0.000000000       0.000000000
    1   15   8.4133     3.285598040    31.707839966     0.000008463     0.912140131     1.000000000     251.606652420       0.000000009       5.042651994       0.000000079       0.006130170       0.000021742       0.000000000       0.000000000       0.000000000       0.000000000
    1   16   9.3525     3.867446661    31.923950195     0.000014481     0.967608452     1.000000000     248.893825145       0.000000010       5.062841536       0.000000113       0.005415923       0.000026499       0.000000000       0.000000000       0.000000000       0.000000000
    1   17  10.3485     3.980146408    31.987878799     0.000008908     1.025592327     1.000000000     245.007411323       0.000000011       5.093253766       0.000000165       0.004308419       0.000035967       0.000000000       0.000000000       0.000000000       0.000000000
    1   18  11.4037     4.437743187    32.196681976     0.000010130     1.086247921     1.000000000     241.276029094       0.000000012       5.123670702       0.000000238       0.003404195       0.000047897       0.000000000       0.000000000       0.000000000       0.000000000
    1   19  12.5210     4.711738110    32.355430603     0.000011821     1.149726868     1.000000000     237.555511632       0.000000013       5.156219682       0.000000338       0.002700953       0.000062167       0.000000000       0.000000000       0.000000000       0.000000000
    1   20  13.7032     4.891877174    32.473430634     0.000013870     1.216173649     1.000000000     233.926808571       0.000000014       5.190174982       0.000000469       0.002172873       0.000078320       0.000000000       0.000000000       0.000000000       0.000000000
    1   21  14.9533     5.019584656    32.561016083     0.000013466     1.285723209     1.000000000     230.156758293       0.000000014       5.227284829       0.000000645       0.001730599       0.000098649       0.000000000       0.000000000       0.000000000       0.000000000
    1   22  16.2746     5.175966740    32.661972046     0.000013607     1.358499050     1.000000000     226.581295424       0.000000014       5.261680263       0.000000877       0.001411812       0.000122402       0.000000000       0.000000000       0.000000000       0.000000000
    1   23  17.6703     5.332311153    32.765956879     0.000014191     1.434611320     1.000000000     223.145688284       0.000000013       5.295816299       0.000001175       0.001210884       0.000149365       0.000000000       0.000000000       0.000000000       0.000000000
    1   24  19.1438     5.474072456    32.865184784     0.000014582     1.514154434     1.000000000     219.784473633       0.000000013       5.330590065       0.000001560       0.001108422       0.000181332       0.000000000       0.000000000       0.000000000       0.000000000
    1   25  20.6986     5.610227585    32.963439941     0.000016648     1.597198486     1.000000000     216.709904445       0.000000012       5.364073147       0.000002041       0.001112084       0.000215485       0.000000000       0.000000000       0.000000000       0.000000000
    1   26  22.3382     5.719471455    33.040840149     0.000017427     1.683791161     1.000000000     213.844900750       0.000000011       5.396684130       0.000002635       0.001229889       0.000252820       0.000000000       0.000000000       0.000000000       0.000000000
    1   27  24.0662     5.827829361    33.115135193     0.000017731     1.773951530     1.000000000     211.194962504       0.000000009       5.426803367       0.000003358       0.001504926       0.000293951       0.000000000       0.000000000       0.000000000       0.000000000
    1   28  25.8861     5.934332371    33.190021515     0.000015320     1.867664337     1.000000000     208.612922726       0.000000008       5.455700792       0.000004267       0.002104105       0.000345930       0.000000000       0.000000000       0.000000000       0.000000000
    1   29  27.8015     6.076400757    33.298503876     0.000016811     1.964873314     1.000000000     206.315039513       0.000000007       5.480364486       0.000005375       0.003092994       0.000400457       0.000000000       0.000000000       0.000000000       0.000000000
    1   30  29.8159     6.233083248    33.396862030     0.000018217     2.065477371     1.000000000     204.209926799       0.000000005       5.501276544       0.000006713       0.004719401       0.000457371       0.000000000       0.000000000       0.000000000       0.000000000
    1   31  31.9325     6.342746258    33.478443146     0.000021214     2.169323921     1.000000000     202.374395968       0.000000004       5.520567198       0.000008289       0.007274636       0.000513945       0.000000000       0.000000000       0.000000000       0.000000000
    1   32  34.1545     6.381741047    33.530796051     0.000022562     2.276199341     1.000000000     200.699020136       0.000000003       5.536740730       0.000010136       0.011517412       0.000573133       0.000000000       0.000000000       0.000000000       0.000000000
    1   33  36.4849     6.418560505    33.577911377     0.000023650     2.385829926     1.000000000     199.170905031       0.000000002       5.550635480       0.000012291       0.018573529       0.000635825       0.000000000       0.000000000       0.000000000       0.000000000
    1   34  38.9262     6.439133644    33.619178772     0.000025178     2.497859955     1.000000000     197.773650854       0.000000002       5.562905372       0.000014798       0.030197545       0.000703844       0.000000000       0.000000000       0.000000000       0.000000000
    1   35  41.4806     6.457924366    33.655502319     0.000026939     2.611858368     1.000000000     196.450171202       0.000000001       5.578551513       0.000017718       0.049562001       0.000783439       0.000000000       0.000000000       0.000000000       0.000000000
    1   36  44.1499     6.542518139    33.697967529     0.000028068     2.727306366     1.000000000     195.186287282       0.000000001       5.598002791       0.000021175       0.082323874       0.000886738       0.000000000       0.000000000       0.000000000       0.000000000
    1   37  46.9352     6.641508102    33.740627289     0.000029059     2.843582153     1.000000000     194.028363826       0.000000001       5.620576124       0.000025353       0.137115839       0.001031052       0.000000000       0.000000000       0.000000000       0.000000000
    1   38  49.8371     6.739322662    33.781410217     0.000027541     2.959970474     1.000000000     192.940662571       0.000000000       5.648224217       0.000030753       0.239714639       0.001269733       0.000000000       0.000000000       0.000000000       0.000000000
    1   39  52.8552     6.789703369    33.820014954     0.000031432     3.075641632     1.000000000     192.127508144       0.000000000       5.685691793       0.000037814       0.403352839       0.001624990       0.000000000       0.000000000       0.000000000       0.000000000
    1   40  55.9883     6.872970581    33.854038239     0.000027105     3.189651489     1.000000000     191.346930680       0.000000000       5.735094355       0.000048040       0.725726214       0.002275636       0.000000000       0.000000000       0.000000000       0.000000000
    1   41  59.2345     7.032508850    33.915828705     0.000024042     3.300947189     1.000000000     190.452224358       0.000000000       5.807819746       0.000064208       1.409812694       0.003576345       0.000000000       0.000000000       0.000000000       0.000000000
    1   42  62.3402     7.165032864    33.989231110     0.000024042     1.177888870     1.000000000     189.054562617       0.000000000       5.908056413       0.000075640       2.358964453       0.005344087       0.000000000       0.000000000       0.000000000       0.000000000
    1   43  63.0720     7.165032864    33.989231110     0.000007159     0.285714286     1.000000000     185.496875179       0.000000000       6.102740039       0.000138759       3.707640313       0.008328731       0.000000000       0.000000000       0.000000000       0.000000000
    1   44  63.2863     7.165032864    33.989231110     0.000003064     0.142857143     1.000000000     183.819524447       0.000000000       6.168053405       0.000902894       4.706477577       0.011383605       0.000000000       0.000000000       0.000000000       0.000000000
    1   45  63.3930     7.165032864    33.989231110     0.000001017     0.070428571     1.000000000     182.019672677       0.000000000       6.200160377       0.015537782       6.276615426       0.017489736       0.000000000       0.000000000       0.000000000       0.000000000
    1   46  63.4287     7.165032864    33.989231110     0.000000007     0.001000000     1.000000000     118.843495508       0.000000003       5.590621728      15.691975457      82.952978355       0.452653459       0.000000000       0.000000000       0.000000000       0.000000000
    1   47  63.4297     7.165032864    33.989231110     0.000000000     0.001000000     1.000000000      82.160771691       0.000000000       6.876934509      38.892348785      77.699582100       9.380758192       0.000000000       0.000000000       0.000000000       0.000000000
    1   48  63.4312     7.165032864    33.989231110     0.000000000     0.002000000     1.000000000      41.575438032       0.000000000       7.140174802      50.226500862      73.175725713      10.886181285       0.000000000       0.000000000       0.000000000       0.000000000
    1   49  63.4342     7.165032864    33.989231110     0.000000000     0.004000000     1.000000000       0.000004373       0.000000000       0.614866198      78.924346739      66.020374315       4.704809581       0.000000000       0.000000000       0.000000000       0.000000000
    1   50  63.4402     7.165032864    33.989231110     0.000000000     0.008000000     1.000000000       0.000000000       0.000000000       0.465996181     113.951771768      58.086603507       0.960342350       0.000000000       0.000000000       0.000000000       0.000000000
    1   51  63.4522     7.165032864    33.989231110     0.000000000     0.016000000     1.000000000       0.000000000       0.000000000       0.446419667      70.131463901      54.680880211       0.070730519       0.000000000       0.000000000       0.000000000       0.000000000
    1   52  63.4702     7.165032864    33.989231110     0.000000000     0.020000000     1.000000000       0.000000000       0.000000000       0.413555296       3.402079622     229.447869168       0.001041246       0.000000000       0.000000000       0.000000000       0.000000000
    1   53  63.4902     7.165032864    33.989231110     0.000000000     0.020000000     1.000000000       0.000000000       0.000000000       0.000000000       0.000000506    3500.000000000       0.000000007       0.000000000       0.000000000       0.000000000       0.000000000
